Checking decomposition of a tall matrix:

Testing decomposing function on tall matrix ...

A =
7 1 1 6 
1 5 2 1 
0 1 7 3 
9 8 7 7 
3 6 4 8 
0 7 4 2 

Making Q a copy of A:
Q =
7 1 1 6 
1 5 2 1 
0 1 7 3 
9 8 7 7 
3 6 4 8 
0 7 4 2 

After decomposition:
Q =
0.591608 -0.406587 -0.0892372 0.257815 
0.0845154 0.423588 -0.20089 -0.210507 
0 0.0991677 0.966878 0.052114 
0.760639 0.143085 0.103413 -0.451203 
0.253546 0.378254 -0.0350544 0.822209 
0 0.694174 -0.0700234 -0.0830037 

R =
11.8322 8.62057 7.0993 10.987 
0 10.0839 6.42606 3.69754 
0 0 6.58071 2.46773 
0 0 0 4.74597 

QT*Q =
1 4.16334e-17 -8.50015e-17 -8.32667e-17 
4.16334e-17 1 -9.02056e-17 -3.46945e-17 
-8.50015e-17 -9.02056e-17 1 5.89806e-17 
-8.32667e-17 -3.46945e-17 5.89806e-17 1 

Q*R =
7 1 1 6 
1 5 2 1 
0 1 7 3 
9 8 7 7 
3 6 4 8 
0 7 4 2 

Solving linear system of equations ...

A =
7 1 1 6 1 5 
2 1 0 1 7 3 
9 8 7 7 3 6 
4 8 0 7 4 2 
6 3 7 4 3 8 
8 2 0 0 8 1 

b =
5
1
2
6
2
1

Q =
0.442719 -0.414312 -0.215791 0.75087 -0.126711 -0.0769342 
0.126491 -0.0234014 -0.12624 -0.0173633 0.887651 -0.423427 
0.56921 0.360063 0.35106 -0.143155 -0.292977 -0.562834 
0.252982 0.750974 -0.441964 0.191592 0.0970203 0.361368 
0.379473 -0.0702043 0.650952 0.0358879 0.311079 0.573825 
0.505964 -0.359531 -0.441797 -0.614333 -0.0632602 0.19531 

R =
15.8114 9.2971 7.0835 10.056 9.23385 10.056 
0 7.5209 1.6147 4.98717 0.419099 0.599396 
0 0 6.79829 0.546494 -3.39567 4.53057 
0 0 0 4.97046 -3.84077 2.89928 
0 0 0 0 6.02315 2.89094 
0 0 0 0 0 0.476686 

x =
0.586808
2.31395
-3.08919
-2.23732
-1.45393
3.30909

A*x =
5
1
2
6
2
1

