Initial A matrix ...
A =
  0.646   0.730   0.833   0.627 
  0.730   0.496   0.113   0.281 
  0.833   0.113   0.937   0.177 
  0.627   0.281   0.177   0.007 

D =
  0.646   0.730   0.833   0.627 
  0.730   0.496   0.113   0.281 
  0.833   0.113   0.937   0.177 
  0.627   0.281   0.177   0.007 

Decomposing D ...
V =
  0.707  -0.216  -0.139   0.659 
 -0.316   0.583  -0.635   0.396 
 -0.310   0.241   0.727   0.564 
 -0.552  -0.746  -0.221   0.301 

D =
 -0.535   0.000   0.000   0.000 
  0.000  -0.087   0.000  -0.000 
  0.000   0.000   0.625   0.000 
  0.000  -0.000   0.000   2.085 

V*D*V' =
  0.646   0.730   0.833   0.627 
  0.730   0.496   0.113   0.281 
  0.833   0.113   0.937   0.177 
  0.627   0.281   0.177   0.007 

