Testing decomposing function on tall matrix ...

A =
  0.250   0.499   0.776   0.228 
  0.893   0.793   0.445   0.928 
  0.491   0.576   0.833   0.306 
  0.377   0.635   0.979   0.660 
  0.080   0.913   0.403   0.044 
  0.486   0.509   0.070   0.904 

Making Q a copy of A:
Q =
  0.250   0.499   0.776   0.228 
  0.893   0.793   0.445   0.928 
  0.491   0.576   0.833   0.306 
  0.377   0.635   0.979   0.660 
  0.080   0.913   0.403   0.044 
  0.486   0.509   0.070   0.904 

After decomposition:
Q =
  0.205   0.241   0.424  -0.031 
  0.733  -0.237  -0.292  -0.292 
  0.403   0.025   0.393  -0.452 
  0.309   0.233   0.523   0.570 
  0.065   0.911  -0.353  -0.173 
  0.399  -0.043  -0.426   0.596 

R =
  1.219   1.374   1.177   1.418 
  0.000   0.904   0.695  -0.002 
  0.000   0.000   0.867  -0.110 
  0.000   0.000   0.000   0.490 

QT*Q =
  1.000  -0.000  -0.000   0.000 
 -0.000   1.000  -0.000  -0.000 
 -0.000  -0.000   1.000   0.000 
  0.000  -0.000   0.000   1.000 
  0.000   0.000   0.000   0.000 
  0.000   0.000   0.000   0.000 

Q*R =
  0.250   0.499   0.776   0.228 
  0.893   0.793   0.445   0.928 
  0.491   0.576   0.833   0.306 
  0.377   0.635   0.979   0.660 
  0.080   0.913   0.403   0.044 
  0.486   0.509   0.070   0.904 

Solving linear system of equations ...

A =
  0.250   0.499   0.776   0.228   0.893   0.793 
  0.445   0.928   0.491   0.576   0.833   0.306 
  0.377   0.635   0.979   0.660   0.080   0.913 
  0.403   0.044   0.486   0.509   0.070   0.904 
  0.793   0.333   0.496   0.705   0.686   0.065 
  0.928   0.936   0.564   0.704   0.164   0.457 

b =
  0.497 
  0.609 
  0.385 
  0.988 
  0.185 
  0.217 

Q =
  0.174   0.318   0.497  -0.685   0.364   0.141 
  0.310   0.613  -0.273   0.450   0.457   0.206 
  0.263   0.338   0.594   0.341  -0.434  -0.400 
  0.281  -0.401   0.390   0.297  -0.038   0.720 
  0.553  -0.492   0.004   0.056   0.454  -0.492 
  0.647   0.079  -0.417  -0.347  -0.512   0.133 

R =
  1.433   1.345   1.321   1.381   0.940   1.059 
  0.000   0.834   0.484   0.153   0.468   0.390 
  0.000   0.000   0.790   0.256   0.226   1.014 
  0.000   0.000   0.000   0.275  -0.207   0.020 
  0.000   0.000   0.000   0.000   0.896  -0.206 
  0.000   0.000   0.000   0.000   0.000   0.490 

x =
 -0.569 
 -0.045 
 -1.664 
  1.401 
  0.578 
  1.409 

A*x =
  0.497 
  0.609 
  0.385 
  0.988 
  0.185 
  0.217 

