Testing decomposing function on tall matrix ...

A =
2 8 3 5 
7 7 4 5 
1 7 8 7 
6 4 8 0 
1 3 9 7 
0 4 3 6 

Making Q a copy of A:
Q =
2 8 3 5 
7 7 4 5 
1 7 8 7 
6 4 8 0 
1 3 9 7 
0 4 3 6 

After decomposition:
Q =
0.209657 0.596617 -0.390283 -0.321532 
0.733799 -0.0630388 -0.348504 0.508576 
0.104828 0.605622 0.274931 -0.233803 
0.628971 -0.258909 0.371533 -0.519026 
0.104828 0.19587 0.715961 0.430995 
0 0.409752 0.000815213 0.357993 

R =
9.53939 10.378 10.378 6.18488 
0 9.762 7.30349 10.7369 
0 0 9.05294 3.2472 
0 0 0 4.46351 

QT*Q =
1 -6.93889e-18 -6.93889e-17 1.11022e-16 
-6.93889e-18 1 -1.33086e-16 -2.77556e-16 
-6.93889e-17 -1.33086e-16 1 5.95769e-17 
1.11022e-16 -2.77556e-16 5.95769e-17 1 

Q*R =
2 8 3 5 
7 7 4 5 
1 7 8 7 
6 4 8 0 
1 3 9 7 
0 4 3 6 

Solving linear system of equations ...

A =
2 8 3 5 7 7 
4 5 1 7 8 7 
6 4 8 0 1 3 
9 7 0 4 3 6 
0 7 6 2 9 5 
8 1 4 2 6 2 

b =
0
0
7
1
7
6

Q =
0.141069 0.614846 -0.0768866 0.110228 -0.179261 -0.742878 
0.282138 0.219718 -0.217418 0.773865 -0.214121 0.424425 
0.423207 0.00822231 0.649548 -0.206556 -0.582566 0.129871 
0.634811 0.104149 -0.552945 -0.495812 0.0610682 0.175672 
0 0.642711 0.387396 -0.107494 0.55534 0.341891 
0.564276 -0.386906 0.262833 0.298216 0.520099 -0.321527 

R =
14.1774 9.24003 6.34811 6.34811 8.95789 9.16949 
0 10.8914 4.43868 5.54047 9.84531 8.93126 
0 0 8.12402 -2.81768 1.77673 -0.966511 
0 0 0 4.36639 6.09037 2.65307 
0 0 0 0 4.7515 -0.318064 
0 0 0 0 0 0.280875 

x =
0.313269
-2.5855
-0.259918
-4.95075
0.998632
5.51436

A*x =
-1.42109e-14
7.10543e-15
7
1
7
6

