Inverting square matrix A ...

A =
  0.250   0.499   0.776   0.228   0.893   0.793 
  0.445   0.928   0.491   0.576   0.833   0.306 
  0.377   0.635   0.979   0.660   0.080   0.913 
  0.403   0.044   0.486   0.509   0.070   0.904 
  0.793   0.333   0.496   0.705   0.686   0.065 
  0.928   0.936   0.564   0.704   0.164   0.457 

Q =
  0.174   0.318   0.497  -0.685   0.364   0.141 
  0.310   0.613  -0.273   0.450   0.457   0.206 
  0.263   0.338   0.594   0.341  -0.434  -0.400 
  0.281  -0.401   0.390   0.297  -0.038   0.720 
  0.553  -0.492   0.004   0.056   0.454  -0.492 
  0.647   0.079  -0.417  -0.347  -0.512   0.133 

R =
  1.433   1.345   1.321   1.381   0.940   1.059 
  0.000   0.834   0.484   0.153   0.468   0.390 
  0.000   0.000   0.790   0.256   0.226   1.014 
  0.000   0.000   0.000   0.275  -0.207   0.020 
  0.000   0.000   0.000   0.000   0.896  -0.206 
  0.000   0.000   0.000   0.000   0.000   0.490 

Q*R =
  0.250   0.499   0.776   0.228   0.893   0.793 
  0.445   0.928   0.491   0.576   0.833   0.306 
  0.377   0.635   0.979   0.660   0.080   0.913 
  0.403   0.044   0.486   0.509   0.070   0.904 
  0.793   0.333   0.496   0.705   0.686   0.065 
  0.928   0.936   0.564   0.704   0.164   0.457 

B =
  1.015  -1.663  -1.149  -0.076   0.421   1.741 
 -0.102   0.822   0.012  -0.470  -0.980   0.670 
  0.823  -1.727   1.734  -1.866   1.058  -0.191 
 -2.159   2.067   0.795   1.197   0.486  -1.668 
  0.473   0.606  -0.672   0.296   0.276  -0.509 
  0.288   0.420  -0.816   1.469  -1.003   0.271 

A*B =
  1.000  -0.000   0.000   0.000  -0.000   0.000 
  0.000   1.000  -0.000   0.000   0.000   0.000 
  0.000  -0.000   1.000  -0.000  -0.000   0.000 
  0.000   0.000  -0.000   1.000   0.000   0.000 
  0.000   0.000  -0.000   0.000   1.000   0.000 
  0.000   0.000   0.000   0.000  -0.000   1.000 

