Inverting square matrix A ...

A =
2 8 3 5 7 7 
4 5 1 7 8 7 
6 4 8 0 1 3 
9 7 0 4 3 6 
0 7 6 2 9 5 
8 1 4 2 6 2 

Q =
0.141069 0.614846 -0.0768866 0.110228 -0.179261 -0.742878 
0.282138 0.219718 -0.217418 0.773865 -0.214121 0.424425 
0.423207 0.00822231 0.649548 -0.206556 -0.582566 0.129871 
0.634811 0.104149 -0.552945 -0.495812 0.0610682 0.175672 
0 0.642711 0.387396 -0.107494 0.55534 0.341891 
0.564276 -0.386906 0.262833 0.298216 0.520099 -0.321527 

R =
14.1774 9.24003 6.34811 6.34811 8.95789 9.16949 
0 10.8914 4.43868 5.54047 9.84531 8.93126 
0 0 8.12402 -2.81768 1.77673 -0.966511 
0 0 0 4.36639 6.09037 2.65307 
0 0 0 0 4.7515 -0.318064 
0 0 0 0 0 0.280875 

Q*R =
2 8 3 5 7 7 
4 5 1 7 8 7 
6 4 8 0 1 3 
9 7 0 4 3 6 
0 7 6 2 9 5 
8 1 4 2 6 2 

B =
-0.0166895 -0.0440492 -0.0109439 0.0692202 -0.0240766 0.0815321 
1.27661 -0.794528 -0.228454 -0.180027 -0.502599 0.451984 
0.392886 -0.143365 0.0854993 -0.203283 -0.211902 0.13803 
1.93187 -0.819152 -0.20041 -0.569904 -1.0409 0.718057 
-0.214774 0.0560876 -0.0916553 0.0547196 0.198358 0.0328317 
-2.64487 1.51108 0.46238 0.625445 1.21724 -1.14473 

A*B =
1 -1.77636e-15 -2.22045e-15 -1.77636e-15 0 -3.55271e-15 
0 1 8.88178e-16 0 -1.77636e-15 1.77636e-15 
-1.77636e-15 -8.88178e-16 1 2.22045e-16 0 0 
3.55271e-15 0 4.44089e-16 1 8.88178e-16 -8.88178e-16 
3.55271e-15 -3.55271e-15 4.44089e-16 -8.88178e-16 1 1.77636e-15 
-8.88178e-16 4.44089e-16 -6.66134e-16 -2.22045e-16 2.22045e-15 1 

