Inverting square matrix A ...

A =
  0.248   0.004   0.647   0.099   0.579   0.087 
  0.333   0.943   0.173   0.916   0.808   0.463 
  0.430   0.967   0.120   0.903   0.224   0.082 
  0.776   0.656   0.852   0.633   0.701   0.169 
  0.953   0.034   0.918   0.485   0.837   0.269 
  0.617   0.085   0.273   0.265   0.184   0.853 

Q =
  0.165  -0.117   0.709   0.155  -0.081   0.653 
  0.222   0.613   0.027   0.432   0.622  -0.002 
  0.287   0.587  -0.225   0.042  -0.699   0.181 
  0.518   0.163   0.362  -0.678   0.108  -0.322 
  0.635  -0.433  -0.025   0.510  -0.155  -0.352 
  0.412  -0.229  -0.560  -0.261   0.287   0.561 

R =
  1.500   0.884   1.317   1.224   1.310   0.750 
  0.000   1.217  -0.221   0.911   0.268   0.037 
  0.000   0.000   0.570  -0.039   0.513  -0.367 
  0.000   0.000   0.000   0.199   0.352   0.018 
  0.000   0.000   0.000   0.000   0.298   0.445 
  0.000   0.000   0.000   0.000   0.000   0.400 

Q*R =
  0.248   0.004   0.647   0.099   0.579   0.087 
  0.333   0.943   0.173   0.916   0.808   0.463 
  0.430   0.967   0.120   0.903   0.224   0.082 
  0.776   0.656   0.852   0.633   0.701   0.169 
  0.953   0.034   0.918   0.485   0.837   0.269 
  0.617   0.085   0.273   0.265   0.184   0.853 

B =
 -5.666   0.790  -3.081   3.461   1.221  -0.626 
 -2.692   0.844  -2.464   4.082  -1.660  -0.230 
  5.099  -1.946   2.988  -1.704  -1.239   0.978 
  5.432  -1.542   5.528  -6.112   1.244   0.568 
 -2.706   2.096  -3.019   1.563   0.792  -1.132 
  1.633  -0.005   0.452  -0.805  -0.880   1.403 

A*B =
  1.000   0.000   0.000   0.000   0.000   0.000 
  0.000   1.000  -0.000  -0.000  -0.000   0.000 
  0.000   0.000   1.000  -0.000   0.000   0.000 
  0.000  -0.000  -0.000   1.000  -0.000  -0.000 
  0.000  -0.000   0.000  -0.000   1.000   0.000 
  0.000  -0.000   0.000  -0.000  -0.000   1.000 

