Inverting square matrix A ...

A =
  0.137   0.073   0.252   0.891   0.737   0.111 
  0.232   0.162   0.199   0.472   0.513   0.062 
  0.874   0.110   0.662   0.072   0.856   0.741 
  0.477   0.063   0.928   0.657   0.450   0.368 
  0.654   0.755   0.366   0.523   0.746   0.808 
  0.382   0.882   0.881   0.634   0.774   0.618 

Q =
  0.107  -0.012   0.156   0.822   0.353   0.404 
  0.181   0.023  -0.060   0.374   0.127  -0.898 
  0.683  -0.483  -0.164  -0.287   0.430   0.077 
  0.373  -0.259   0.681   0.075  -0.569  -0.026 
  0.511   0.400  -0.542   0.174  -0.480   0.154 
  0.298   0.734   0.433  -0.255   0.346  -0.008 

R =
  1.280   0.785   1.311   0.931   1.536   1.264 
  0.000   0.883   0.234   0.469   0.339   0.324 
  0.000   0.000   0.734   0.538   0.182  -0.027 
  0.000   0.000   0.000   0.868   0.518  -0.088 
  0.000   0.000   0.000   0.000   0.347  -0.019 
  0.000   0.000   0.000   0.000   0.000   0.156 

Q*R =
  0.137   0.073   0.252   0.891   0.737   0.111 
  0.232   0.162   0.199   0.472   0.513   0.062 
  0.874   0.110   0.662   0.072   0.856   0.741 
  0.477   0.063   0.928   0.657   0.450   0.368 
  0.654   0.755   0.366   0.523   0.746   0.808 
  0.382   0.882   0.881   0.634   0.774   0.618 

B =
 -2.896   4.682  -0.522   1.285   1.228  -1.699 
 -1.589   2.265  -0.728  -0.309   0.332   0.678 
 -0.357  -0.173   0.242   0.556  -1.174   0.995 
  0.519  -0.187  -1.038   1.055   1.096  -0.893 
  1.157   0.058   1.266  -1.649  -1.332   0.994 
  2.586  -5.757   0.495  -0.165   0.985  -0.048 

A*B =
  1.000  -0.000   0.000   0.000   0.000   0.000 
  0.000   1.000  -0.000  -0.000  -0.000  -0.000 
  0.000  -0.000   1.000  -0.000   0.000   0.000 
  0.000  -0.000  -0.000   1.000   0.000  -0.000 
  0.000  -0.000  -0.000  -0.000   1.000  -0.000 
 -0.000   0.000   0.000  -0.000   0.000   1.000 

