Testing bidiagonalization ...

A =
  0.248   0.004   0.647   0.099 
  0.004   0.087   0.333   0.943 
  0.647   0.333   0.916   0.808 
  0.099   0.943   0.808   0.430 

b =
  0.579 
  0.173 
  0.463 
  0.967 

U =
  0.354   0.017  -0.865   0.357 
  0.006   0.648  -0.278  -0.709 
  0.925  -0.125   0.285  -0.219 
  0.142   0.751   0.307   0.568 

B =
  0.700   1.529   0.000   0.000 
  0.000   1.233   0.463   0.000 
  0.000   0.000   0.361   0.134 
  0.000   0.000   0.000   0.738 

V =
  1.000   0.000  -0.000  -0.000 
  0.000   0.290   0.787   0.545 
  0.000   0.780  -0.524   0.342 
  0.000   0.555   0.325  -0.766 

U' =
  0.354   0.006   0.925   0.142 
  0.017   0.648  -0.125   0.751 
 -0.865  -0.278   0.285   0.307 
  0.357  -0.709  -0.219   0.568 

V' =
  1.000   0.000   0.000   0.000 
  0.000   0.290   0.780   0.555 
 -0.000   0.787  -0.524   0.325 
 -0.000   0.545   0.342  -0.766 

U'*U =
  1.000  -0.000  -0.000  -0.000 
 -0.000   1.000  -0.000  -0.000 
 -0.000  -0.000   1.000  -0.000 
 -0.000  -0.000  -0.000   1.000 

V'*V =
  1.000   0.000  -0.000  -0.000 
  0.000   1.000  -0.000  -0.000 
 -0.000  -0.000   1.000  -0.000 
 -0.000  -0.000  -0.000   1.000 

U*B*V' =
  0.248   0.004   0.647   0.099 
  0.004   0.087   0.333   0.943 
  0.647   0.333   0.916   0.808 
  0.099   0.943   0.808   0.430 

