Testing bidiagonalization ...

A =
  0.137   0.073   0.252   0.891   0.737   0.111 
  0.073   0.162   0.199   0.472   0.513   0.062 
  0.252   0.199   0.110   0.662   0.072   0.856 
  0.891   0.472   0.662   0.477   0.063   0.928 
  0.737   0.513   0.072   0.063   0.450   0.368 
  0.111   0.062   0.856   0.928   0.368   0.755 

b =
  0.232 
  0.874 
  0.741 
  0.657 
  0.654 
  0.366 

U =
  0.114   0.325   0.457   0.330   0.442   0.334 
  0.061   0.219   0.218   0.226   0.194   0.230 
  0.210   0.415   0.268   0.406   0.310   0.401 
  0.743   0.536   0.604   0.539   0.604   0.538 
  0.615   0.265   0.371   0.288   0.290   0.296 
  0.092   0.563   0.412   0.549   0.472   0.545 

B =
  1.199   1.787   0.000   0.000   0.000   0.000 
  0.000   2.380   1.114   0.000   0.000   0.000 
  0.000   0.000   1.159   2.295   0.000   0.000 
  0.000   0.000   0.000   2.373   1.134   0.000 
  0.000   0.000   0.000   0.000   1.153   2.335 
  0.000   0.000   0.000   0.000   0.000   2.372 

V =
  1.000   0.000   0.808   0.029   0.749   0.040 
  0.000   0.409  -0.367   0.457  -0.446   0.472 
  0.000   0.380   0.110   0.366   0.134   0.366 
  0.000   0.419   0.418   0.391   0.465   0.385 
  0.000   0.273   0.083   0.318   0.000   0.338 
  0.000   0.662  -0.135   0.635  -0.077   0.616 

