Testing bidiagonalization ...

A =
  0.250   0.499   0.776   0.228   0.893   0.793 
  0.499   0.928   0.491   0.576   0.833   0.306 
  0.776   0.491   0.635   0.979   0.660   0.080 
  0.228   0.576   0.979   0.403   0.044   0.486 
  0.893   0.833   0.660   0.044   0.070   0.904 
  0.793   0.306   0.080   0.486   0.904   0.333 

b =
  0.445 
  0.377 
  0.913 
  0.509 
  0.793 
  0.496 

U =
  0.161   0.679   0.082  -0.284   0.646  -0.090 
  0.323   0.400  -0.516   0.650  -0.168  -0.136 
  0.502  -0.034  -0.165  -0.563  -0.386  -0.503 
  0.148   0.483   0.438  -0.069  -0.564   0.480 
  0.577  -0.266   0.616   0.379   0.198  -0.184 
  0.513  -0.271  -0.359  -0.175   0.219   0.675 

B =
  1.547   2.631   0.000   0.000   0.000   0.000 
  0.000   1.478   0.384   0.000   0.000   0.000 
  0.000   0.000   0.627   0.939   0.000   0.000 
  0.000   0.000   0.000   0.431   0.427   0.000 
  0.000   0.000   0.000   0.000   0.268   0.700 
  0.000   0.000   0.000   0.000   0.000   0.212 

V =
  1.000   0.000  -0.000   0.000   0.000   0.000 
  0.000   0.513  -0.238   0.304   0.646  -0.412 
  0.000   0.444   0.836  -0.013  -0.199  -0.252 
  0.000   0.398  -0.485  -0.113  -0.676  -0.368 
  0.000   0.477  -0.079  -0.722   0.216   0.445 
  0.000   0.392  -0.047   0.611  -0.196   0.658 

U*B*V' =
  0.250   0.499   0.776   0.228   0.893   0.793 
  0.499   0.928   0.491   0.576   0.833   0.306 
  0.776   0.491   0.635   0.979   0.660   0.080 
  0.228   0.576   0.979   0.403   0.044   0.486 
  0.893   0.833   0.660   0.044   0.070   0.904 
  0.793   0.306   0.080   0.486   0.904   0.333 


Solving U*B*V'*x = b ...
x =
  1.628 
 -0.408 
  1.824 
 -1.576 
  0.554 
 -1.652 

A*x =
  0.445 
  0.377 
  0.913 
  0.509 
  0.793 
  0.496 

U*B*V'*x =
  0.445 
  0.377 
  0.913 
  0.509 
  0.793 
  0.496 


Determinant of the matrix B: -0.0351644


Inverting A via U, B and V ...
A^-1 =
  2.115  -0.927   4.228  -5.290   2.497  -4.252 
 -0.927   1.790  -1.036   0.484   0.039  -0.003 
  4.228  -1.036   6.034  -6.827   2.539  -7.485 
 -5.290   0.484  -6.827  10.276  -3.969   9.562 
  2.497   0.039   2.539  -3.969   0.856  -3.120 
 -4.252  -0.003  -7.485   9.562  -3.120   9.434 

A*invA =
  1.000  -0.000  -0.000   0.000  -0.000   0.000 
 -0.000   1.000  -0.000   0.000  -0.000   0.000 
 -0.000  -0.000   1.000   0.000  -0.000   0.000 
  0.000   0.000   0.000   1.000   0.000   0.000 
 -0.000  -0.000  -0.000   0.000   1.000   0.000 
  0.000   0.000   0.000   0.000   0.000   1.000 

